<generator object <genexpr> at 0x7fe3d559f740><generator object <genexpr> at 0x7fe3d559f7b0>[array([[ 0.71776143,  0.52648782, -0.45566337],
       [ 0.02935378,  0.63095527,  0.7752637 ],
       [ 0.6956701 , -0.56982982,  0.43742095]]), array([[ 0.09148036,  0.81331589,  0.57458559],
       [ 0.97592573, -0.1879467 ,  0.11065714],
       [ 0.19799068,  0.55062991, -0.81092934]]), array([[ 0.5965571 ,  0.66521582, -0.44900729],
       [ 0.12932599,  0.47247297,  0.87180507],
       [ 0.79208233, -0.57814982,  0.19582741]]), array([[ 0.42557599,  0.82837522, -0.36425207],
       [ 0.30289736,  0.24890439,  0.91994554],
       [ 0.85272403, -0.50183772, -0.14498494]]), array([[ 0.43528531,  0.82011672, -0.37139636],
       [ 0.29203428,  0.26159994,  0.91993557],
       [ 0.85161181, -0.50889491, -0.12563159]]), array([[ 0.17689998,  0.98298448, -0.04947645],
       [ 0.63803148, -0.07625517,  0.76622515],
       [ 0.74941459, -0.16711275, -0.64066458]]), array([[ 0.71942651,  0.02813017,  0.6939987 ],
       [ 0.52443221,  0.63313247, -0.56931023],
       [-0.4554079 ,  0.77353214,  0.44073991]]), array([[ 0.45444147,  0.80345366, -0.38463641],
       [ 0.27097115,  0.28664782,  0.91891657],
       [ 0.84856207, -0.52181916, -0.08744811]]), array([[ 0.0793617 ,  0.96066935,  0.266113  ],
       [ 0.85243882, -0.20379262,  0.4814734 ],
       [ 0.5167686 ,  0.1886345 , -0.83508517]]), array([[ 0.73719171,  0.01535887,  0.67550906],
       [ 0.50221666,  0.65636159, -0.56299901],
       [-0.45202523,  0.75429011,  0.47615084]]), array([[ 0.35388807,  0.38724015,  0.85135674],
       [ 0.88521486,  0.15516791, -0.43854028],
       [-0.30192365,  0.90882781, -0.28787866]]), array([[ 0.20109029,  0.59852669,  0.77545373],
       [ 0.97484877, -0.04462481, -0.21835408],
       [-0.09608627,  0.799859  , -0.59244663]]), array([[ 0.09367393,  0.97770372,  0.18793787],
       [ 0.8072179 , -0.18507848,  0.56048658],
       [ 0.58277307,  0.09920383, -0.80655697]]), array([[ 0.14441019,  0.98922748,  0.02397259],
       [ 0.69577397, -0.11873762,  0.70837841],
       [ 0.70359383, -0.08561756, -0.70542565]]), array([[ 0.62365384,  0.10522372,  0.77458625],
       [ 0.63595368,  0.50790366, -0.58103079],
       [-0.45455342,  0.85496306,  0.24983866]]), array([[ 0.47667247,  0.78351433, -0.3986084 ],
       [ 0.24712867,  0.31571626,  0.91610625],
       [ 0.84362953, -0.53519019, -0.04313561]])]